-472558480,32767,-1,-1,14,6,20,11111111111011100000
RELATIONCAT,6,14,4,4,20
ATTRIBUTECAT,6,49,5,134,20
Toys,4,1000,6,38,31
ToyColours,2,1000,39,55,61
ToysForSale,4,410,57,70,31
ToysToReorder,4,182,71,76,31
ToysCopy,4,1000,77,109,31
QuizMarks,5,500,110,133,24
BlueToys,2,165,116,118,61
HighCgpa,5,247,135,145,24
Eligible,5,115,146,150,24
NULL,5,115,146,150,24
KL_Eligible,2,27,153,153,61
GUJ_Eligible,2,20,152,152,61
TS_Eligible,2,18,154,154,61
NULL,2,18,154,154,61
NULL,2,18,154,154,61
NULL,2,18,154,154,61
NULL,2,18,154,154,61
NULL,2,18,154,154,61
